x_1 = 2.178467

x_3 = 0.203603

x_2 = 0.000000

opt_val = 22.802681
