x_1 = 2.363636

x_3 = 0.181818

x_2 = 0.000000

opt_val = 24.545455
