x_1 = 2.076923

x_2 = 1.576923

x_3 = 1.615385

opt_val = 33.576923
